FINAL ESTIMATED VALUES FOR Pi
===============================


P1 = 0.00007824622
P2 = 0.00477794439
P3 = 0.00000000002
P4 = 0.26535707343
P5 = 0.00001462316
P6 = 0.00941036676
P7 = 0.24031517646
P8 = 0.11340131304
P9 = 0.00014180058
P10 = 0.52348650553
P11 = 0.40732379740
P12 = 0.00000008801
P13 = 0.61581378695
P14 = 0.00000584327
P15 = 0.04474905679
P16 = 0.58999044784
P17 = 1.00000000000
P18 = 0.99999998266
P19 = 0.00000000401
P20 = 0.46299944706
P21 = 0.35319507216
P22 = 0.52486872131
P23 = 0.19475714050